name: blog
channels:
  - conda-forge
  - defaults
dependencies:
  - anyio=4.1.0=pyhd8ed1ab_0
  - blinker=1.7.0=pyhd8ed1ab_0
  - bzip2=1.0.8=hcfcfb64_5
  - ca-certificates=2023.11.17=h56e8100_0
  - docutils=0.20.1=py312h2e8e312_3
  - exceptiongroup=1.2.0=pyhd8ed1ab_0
  - feedgenerator=2.1.0=pyhd8ed1ab_0
  - idna=3.6=pyhd8ed1ab_0
  - importlib-metadata=7.0.0=pyha770c72_0
  - jinja2=3.1.2=pyhd8ed1ab_1
  - libexpat=2.5.0=h63175ca_1
  - libffi=3.4.2=h8ffe710_5
  - libsqlite=3.44.2=hcfcfb64_0
  - libzlib=1.2.13=hcfcfb64_5
  - markdown=3.5.1=pyhd8ed1ab_0
  - markdown-it-py=3.0.0=pyhd8ed1ab_0
  - markupsafe=2.1.3=py312he70551f_1
  - mdurl=0.1.0=pyhd8ed1ab_0
  - openssl=3.2.0=hcfcfb64_1
  - ordered-set=4.1.0=pyhd8ed1ab_0
  - pelican=4.9.1=pyhd8ed1ab_0
  - pip=23.3.1=pyhd8ed1ab_0
  - pygments=2.17.2=pyhd8ed1ab_0
  - python=3.12.0=h2628c8c_0_cpython
  - python-dateutil=2.8.2=pyhd8ed1ab_0
  - python_abi=3.12=4_cp312
  - pytz=2023.3.post1=pyhd8ed1ab_0
  - rich=13.7.0=pyhd8ed1ab_0
  - setuptools=68.2.2=pyhd8ed1ab_0
  - six=1.16.0=pyh6c4a22f_0
  - sniffio=1.3.0=pyhd8ed1ab_0
  - tk=8.6.13=h5226925_1
  - typing_extensions=4.9.0=pyha770c72_0
  - tzdata=2023c=h71feb2d_0
  - ucrt=10.0.22621.0=h57928b3_0
  - unidecode=1.3.7=pyhd8ed1ab_0
  - vc=14.3=h64f974e_17
  - vc14_runtime=14.36.32532=hdcecf7f_17
  - vs2015_runtime=14.36.32532=h05e6639_17
  - watchfiles=0.21.0=py312hfccd98a_0
  - wheel=0.42.0=pyhd8ed1ab_0
  - xz=5.2.6=h8d14728_0
  - zipp=3.17.0=pyhd8ed1ab_0
